160 38 0 197229
163 38 0 197229
164 38 0 582239
164 39 0 194233
165 40 0 195234
166 37 0 198228
166 40 0 193235
167 41 0 194233
168 35 0 209217
168 41 0 195233
169 39 0 201225
169 41 0 196229
170 29 0 274152
170 32 0 231195
171 37 0 202215
172 41 0 196215
173 43 0 194215
176 39 0 195208
177 45 0 0215
177 48 0 0215
181 37 0 0206
182 41 0 0208
183 44 0 0208
183 51 0 0215
184 47 0 0208
185 44 0 0208
185 50 0 0208
186 53 0 0224
187 52 0 0208
188 49 0 0208
189 51 0 0208
189 53 0 0224
190 44 0 0208
192 46 0 0208
192 54 0 0229
193 43 0 0208
194 53 0 0229
195 45 0 0208
196 52 0 0229
196 56 0 0229
198 54 0 0229
1 43 1 920554
3 40 1 1257302
4 42 1 920614
5 38 1 895639
8 41 1 920701
11 40 1 895701
11 43 1 835701
12 34 1 1257302
17 41 1 1232302
19 43 1 920639
21 39 1 1257302
22 45 1 920639
26 47 1 895639
27 43 1 1257302
29 49 1 895639
30 45 1 1257302
32 49 1 920639
33 46 1 1257302
34 44 1 1319302
36 52 1 895639
37 47 1 1319302
38 52 1 920639
40 47 1 1319302
41 52 1 920639
42 51 1 920639
43 47 1 1319302
45 54 1 895639
46 50 1 1257302
47 50 1 920639
51 47 1 1257302
51 56 1 798639
52 49 1 1319302
54 47 1 1257302
56 50 1 1257302
57 47 1 1257302
57 53 1 895570
60 47 1 1257302
60 55 1 853614
63 46 1 1257302
63 52 1 920639
64 55 1 895567
66 46 1 1257302
67 48 1 1200302
69 49 1 9201088
71 47 1 1200302
72 49 1 8951049
74 47 1 1257302
77 47 1 1257302
80 48 1 1257302
81 46 1 1633303
81 49 1 8621077
83 49 1 1247312
84 47 1 1618318
84 50 1 8481064
86 50 1 1220339
87 49 1 1265356
87 51 1 8141220
88 43 1 766384
90 50 1 1202409
91 41 1 684466
91 46 1 956830
92 53 1 1062441
96 48 1 1058501
97 50 1 1040476
100 46 1 1032527
103 45 1 1019540
107 44 1 1014532
110 42 1 1014540
112 38 1 1011544
119 36 1 1014543
121 34 1 1014543
123 32 1 1014543
125 34 1 1014543
128 31 1 1014543
130 32 1 1014543
134 33 1 1014543
137 31 1 1014543
140 30 1 1014520
144 30 1 1014520
147 29 1 1014520
151 34 1 1011520
154 36 1 1011520
157 37 1 1011520
163 39 1 1348252
164 38 1 1350259
165 38 1 1343264
171 29 1 1386148
173 31 1 1342192
175 34 1 1332202
176 45 1 1011514
178 37 1 1332202
179 46 1 1011514
181 34 1 1332184
181 48 1 1011491
182 39 1 1332202
185 41 1 1332202
185 47 1 988491
189 41 1 1332202
189 42 1 1332202
190 51 1 1011491
191 49 1 988514
192 43 1 1332202
194 51 1 1011523
196 42 1 1348202
200 41 1 1325202
203 39 1 1325202
204 55 1 1006514
205 41 1 1348202
206 55 1 1006514
207 38 1 1332202
207 42 1 1332202
210 55 1 1006514
211 39 1 1332202
215 42 1 1348202
220 41 1 1332202
223 43 1 1332202
223 64 1 988523
224 54 1 1348202
227 45 1 1332202
229 53 1 1011491
230 51 1 988523
232 44 1 1332202
232 53 1 1011491
235 45 1 1332202
236 53 1 988523
238 46 1 1332202
241 47 1 1332202
245 54 1 988523
247 49 1 1332202
250 51 1 1348202
251 54 1 988534
254 53 1 1325202
256 53 1 1348202
259 53 1 1348202
262 53 1 1348202
265 52 1 1381204
266 53 1 986558
271 49 1 1353230
272 46 1 1284250
272 50 1 959608
273 49 1 971537
275 43 1 1265269
275 47 1 957565
277 40 1 1247287
277 43 1 952557
278 44 1 905560
278 48 1 905549
279 40 1 947571
280 38 1 1242292
281 39 1 1242273
282 39 1 947568
283 40 1 952579
284 37 1 1242273
284 41 1 905594
286 37 1 905584
286 39 1 952601
289 38 1 942591
292 39 1 920644
292 47 1 1227401
293 42 1 1257302
293 49 1 1227372
294 39 1 1257307
296 41 1 895592
297 40 1 1257302
299 41 1 895639
299 42 1 1232302
0 42 2 748778
0 48 2 626898
1 57 2 602898
2 37 2 4371288
5 46 2 859497
7 35 2 4371288
11 32 2 1358288
14 34 2 1175288
17 39 2 981545
17 43 2 1003643
18 30 2 4285288
20 32 2 4371288
24 33 2 4371288
25 32 2 4340288
28 33 2 4371288
29 30 2 4403288
32 34 2 4371288
33 31 2 4340288
36 34 2 4371288
41 32 2 4360288
45 24 2 35081654
45 32 2 4360288
48 30 2 4371288
49 31 2 4360288
50 24 2 35001643
51 29 2 4371288
53 31 2 4360288
55 29 2 4371288
57 33 2 4360288
62 35 2 4270288
63 29 2 4371288
66 35 2 4241288
68 29 2 4340288
68 33 2 4273288
69 38 2 4360288
70 36 2 4241288
72 28 2 4340288
73 41 2 33201073
76 30 2 4340288
79 31 2 4371288
80 29 2 4340288
84 30 2 4336292
88 31 2 4297333
92 30 2 4211414
96 28 2 4103512
100 28 2 4039617
104 26 2 3943710
105 32 2 28881432
108 27 2 3568752
112 25 2 3838789
115 22 2 3845814
119 21 2 3845814
120 23 2 3793811
122 25 2 26661513
123 19 2 3845814
124 22 2 3793814
126 17 2 3845814
130 16 2 3845814
134 16 2 3845814
138 18 2 3845814
142 19 2 3845814
147 22 2 3822814
154 22 2 3627814
156 19 2 3869815
162 21 2 3862843
166 22 2 3800905
167 24 2 3739920
171 20 2 26302317
171 25 2 36491019
174 21 2 25412406
175 26 2 35921076
175 30 2 4475184
179 28 2 35801088
179 32 2 4475184
180 32 2 17902070
180 43 2 6991381
181 41 2 8201381
183 30 2 35801079
183 34 2 4475184
185 43 2 932417
187 31 2 35801079
187 36 2 4475184
188 32 2 26851768
189 42 2 932417
191 32 2 35801079
191 36 2 4475184
192 33 2 4475184
192 43 2 932417
193 34 2 3374873
193 45 2 894490
196 32 2 4475184
196 34 2 1286184
197 34 2 3374873
197 41 2 932486
199 33 2 35801079
200 36 2 1286184
203 34 2 4475184
204 33 2 35801079
204 36 2 1286184
204 39 2 932490
205 32 2 24791768
208 33 2 35801079
208 35 2 1286184
208 39 2 4662070
209 32 2 3374873
211 36 2 4475184
212 32 2 35801258
212 41 2 4662070
215 33 2 35801079
215 38 2 4475184
216 36 2 26851768
217 34 2 15842842
217 39 2 1057490
219 34 2 35801079
219 39 2 4475184
220 36 2 4475184
223 41 2 4475184
224 34 2 36711079
224 37 2 3580873
224 39 2 4475184
225 36 2 3374873
227 38 2 3580873
227 43 2 4475184
232 42 2 1286184
233 44 2 894486
235 40 2 35801079
235 42 2 4475184
236 43 2 1286184
237 45 2 894479
239 41 2 35801079
240 44 2 1286184
241 46 2 894414
243 43 2 4475184
245 47 2 894414
248 46 2 1286184
248 49 2 932490
249 48 2 661825
252 46 2 1288184
252 50 2 932410
255 47 2 4475184
256 44 2 27751961
256 45 2 4562184
257 51 2 894508
258 47 2 4475184
260 45 2 4562184
261 51 2 894528
264 46 2 4521185
265 49 2 8201628
270 45 2 35201354
274 41 2 4395264
277 49 2 995562
278 39 2 4381278
283 39 2 4418272
287 38 2 4418278
290 40 2 4371288
295 39 2 4371295
298 39 2 4371288
299 40 2 4371288
1 36 3 1225404
6 34 3 1225404
10 32 3 1225404
15 29 3 1207404
21 29 3 1225404
28 24 3 1209404
28 26 3 1225404
33 24 3 1225404
38 23 3 1225404
43 24 3 1225404
49 25 3 1225404
53 26 3 1225404
57 27 3 1225404
64 28 3 1209404
73 27 3 1226404
78 25 3 1289404
82 23 3 1289404
87 23 3 1205425
91 21 3 1142487
96 19 3 769603
102 21 3 622708
105 18 3 826803
111 18 3 510845
116 18 3 508853
121 16 3 508863
132 10 3 758871
133 12 3 764871
142 12 3 758871
147 15 3 758871
151 17 3 758871
156 18 3 764871
160 17 3 748887
164 15 3 694941
169 14 3 6011028
174 13 3 4941141
179 12 3 4361187
179 29 3 1436193
183 12 3 3961233
183 33 3 1433184
184 31 3 1436193
189 12 3 2981283
193 12 3 3271302
194 33 3 1436193
198 13 3 3221307
199 32 3 1436193
203 13 3 3221307
204 32 3 1436193
208 12 3 3221307
209 12 3 2872740
209 13 3 3221307
209 33 3 1436193
212 12 3 3221307
214 14 3 2871307
214 32 3 1436193
218 12 3 2871307
219 33 3 1436193
225 31 3 1455193
230 34 3 1471193
232 36 3 1433371
235 35 3 1418193
237 13 3 3751307
240 36 3 1471193
241 12 3 3671315
242 39 3 1433724
243 38 3 1435194
243 51 3 600499
245 35 3 1467213
250 36 3 1447220
259 7 3 1341495
263 5 3 841545
264 35 3 1390237
267 2 3 181577
267 4 3 361593
270 33 3 1307327
273 2 3 01606
277 1 3 21627
277 34 3 1244385
282 0 3 01629
283 36 3 1228375
287 36 3 1241388
292 37 3 1225404
296 37 3 1225404
5 26 4 830550
16 23 4 830550
19 27 4 2491550
22 19 4 830550
28 17 4 829551
31 3 4 12111898
34 18 4 829551
40 21 4 829551
46 25 4 829551
47 2 4 12113149
47 10 4 13361804
51 27 4 829551
56 28 4 829551
62 28 4 829551
68 28 4 829551
74 28 4 829551
80 27 4 829551
85 26 4 820560
90 25 4 763617
96 25 4 655725
102 24 4 543837
108 23 4 479901
114 22 4 472908
120 21 4 472908
126 20 4 472908
131 20 4 472908
137 20 4 824908
146 23 4 783909
147 19 4 472909
152 19 4 472909
157 19 4 469912
158 22 4 801912
162 16 4 437944
167 15 4 3571024
173 13 4 2491132
173 15 4 5711137
178 11 4 1771204
183 9 4 1371244
184 11 4 4421231
185 31 4 1188193
186 8 4 2812607
189 11 4 4091296
190 33 4 1188193
191 10 4 2382640
194 10 4 3701320
196 13 4 3792605
196 33 4 2923193
199 13 4 3661325
201 15 4 3792619
201 32 4 2923193
204 10 4 441337
205 12 4 3791337
206 31 4 2923193
210 11 4 441337
211 29 4 2923193
215 27 4 1188193
216 12 4 441337
216 30 4 1093193
221 12 4 441337
221 25 4 1740193
222 8 4 541337
226 26 4 1202193
228 7 4 471337
229 13 4 3793772
231 22 4 1252193
233 14 4 3991533
237 25 4 1188193
237 30 4 1174193
238 11 4 2911337
239 14 4 3971489
241 6 4 441337
243 4 4 541337
243 27 4 1168213
246 12 4 2542516
248 5 4 361351
249 27 4 1110271
251 11 4 1953980
251 13 4 2782667
253 3 4 01381
255 13 4 2292726
255 26 4 1063318
256 15 4 16112728
261 25 4 1004377
267 24 4 939442
272 19 4 1382500
273 24 4 866515
279 25 4 834547
284 26 4 832549
290 28 4 2590548
295 25 4 2590549
299 26 4 831550
1 7 5 66361539
2 27 5 7698477
4 5 5 56212553
6 7 5 45803559
6 10 5 56332616
7 26 5 7698477
10 5 5 56202554
10 19 5 64641347
11 7 5 55882551
12 7 5 45803559
14 5 5 66321543
14 6 5 66321542
15 28 5 7663477
16 6 5 56202555
19 9 5 45803596
20 5 5 66291546
23 7 5 56162553
25 25 5 7698477
26 4 5 66261549
27 6 5 66201549
28 5 5 45763599
28 10 5 25425702
31 22 5 7698477
32 5 5 66261549
33 7 5 35794638
35 7 5 56142552
37 21 5 7698477
38 5 5 66261549
44 9 5 66241549
44 21 5 7698477
45 14 5 55822591
45 24 5 7663477
46 9 5 56142584
46 23 5 66711347
49 15 5 55992621
50 5 5 66261549
50 8 5 66261549
50 22 5 7698477
51 16 5 35794638
54 13 5 46693595
56 18 5 47223571
57 10 5 46083697
58 20 5 57162518
61 17 5 66571484
62 20 5 56652521
63 11 5 67871548
63 22 5 7663477
64 15 5 57012560
66 16 5 37384706
67 16 5 46633632
68 12 5 67131548
68 19 5 56652452
68 20 5 66331484
70 19 5 57162532
70 22 5 7709477
72 17 5 47733476
74 19 5 46273477
74 21 5 7584477
76 17 5 36204639
78 16 5 25325828
79 17 5 35184818
79 20 5 7698477
80 24 5 7590477
81 15 5 67091549
81 21 5 35794647
84 15 5 36344673
85 18 5 7693482
86 14 5 66181557
87 11 5 66461564
90 15 5 34625064
91 18 5 7633542
92 23 5 7498569
93 15 5 65031776
93 21 5 54792723
94 17 5 44423823
94 23 5 44043628
95 21 5 54332649
97 17 5 54292862
98 20 5 7464665
99 14 5 64301745
100 24 5 62851724
101 19 5 53362736
103 16 5 42943834
105 20 5 63031813
106 20 5 52932832
110 18 5 7297817
111 20 5 62641857
112 14 5 62751910
112 20 5 52652856
115 16 5 41993987
115 17 5 7328847
118 13 5 62651921
122 14 5 42573996
123 16 5 62661931
123 21 5 52262836
127 13 5 41993984
128 15 5 7342847
129 21 5 62641878
130 11 5 63131910
130 18 5 61811878
133 7 5 32575030
133 13 5 7328847
135 10 5 52272995
138 10 5 20836169
140 13 5 43053976
141 15 5 53052913
141 19 5 62641878
142 21 5 60931878
143 16 5 52202877
144 18 5 52352839
146 16 5 7295847
147 28 5 51442735
149 11 5 32364925
149 17 5 41823962
152 18 5 62371891
153 14 5 41494051
154 17 5 31494974
156 13 5 52402983
156 19 5 40783958
157 16 5 7325850
162 17 5 41784034
164 25 5 7148968
165 31 5 6809964
169 14 5 7187988
175 13 5 70861089
176 15 5 70531080
177 16 5 60192045
179 9 5 49073221
180 16 5 49753110
181 12 5 70441131
183 18 5 49943070
185 15 5 49363209
187 12 5 69961179
188 12 5 48493320
188 15 5 70381157
189 15 5 59592185
190 12 5 48863069
190 17 5 59492135
191 33 5 7982193
196 16 5 59492152
197 32 5 7982193
201 29 5 68791006
204 13 5 863245
207 17 5 59152312
209 17 5 2423354
210 20 5 49263350
210 31 5 8033193
212 19 5 70281200
213 20 5 39634354
215 14 5 2424038
219 20 5 59572243
221 28 5 7982193
222 14 5 38734310
225 19 5 59572218
227 14 5 2424194
227 28 5 7982193
228 24 5 70611086
229 27 5 70311086
231 12 5 59942166
233 29 5 7982193
234 27 5 7954193
235 21 5 70881089
237 26 5 60611952
238 13 5 59932167
238 16 5 49963164
240 12 5 39514209
240 13 5 18706293
240 20 5 69821263
240 30 5 7976199
241 26 5 7949201
243 29 5 70001079
244 12 5 59702190
245 15 5 59172287
246 13 5 48703340
247 32 5 7941234
248 10 5 38234403
248 14 5 69031272
249 27 5 69421137
250 22 5 69411140
251 12 5 58562298
253 15 5 58242392
254 9 5 57732446
254 31 5 7911264
255 11 5 68191335
257 9 5 57652424
259 8 5 47003473
260 10 5 67831392
260 30 5 7879296
262 7 5 57082481
264 8 5 57102469
264 13 5 46733499
265 8 5 67251450
266 31 5 7821354
267 29 5 7815379
269 9 5 56782484
269 12 5 46073555
270 13 5 46733559
273 11 5 66621502
275 6 5 92499
279 6 5 25855657
279 28 5 7567462
280 6 5 56572513
280 10 5 66591499
282 7 5 46053565
283 5 5 66631512
285 31 5 7566462
286 5 5 56412535
288 8 5 45893538
289 9 5 46483532
290 30 5 7698477
292 5 5 56272548
293 8 5 55922526
295 6 5 66421533
295 7 5 46483533
296 9 5 66371530
299 8 5 55922531
0 32 6 4278460
2 31 6 4524950
7 32 6 4278460
12 28 6 3799968
14 31 6 4278460
19 31 6 32911464
21 31 6 4278460
26 31 6 3799968
27 23 6 33752087
28 31 6 4278460
29 35 6 5072460
34 34 6 32791454
35 31 6 4278460
36 35 6 5083460
37 33 6 39131415
42 30 6 4278460
49 30 6 4278460
54 29 6 3799968
55 22 6 45991082
55 23 6 45971082
56 30 6 4278460
58 30 6 39131565
61 28 6 3799970
63 30 6 4278460
70 31 6 4278460
74 24 6 28592271
77 33 6 4278460
79 28 6 39131529
82 29 6 3799960
83 23 6 33742080
84 35 6 4269469
86 29 6 32862025
89 30 6 3746990
90 25 6 39281670
91 37 6 4186552
95 25 6 27242510
96 32 6 36351111
98 38 6 4095643
103 33 6 35621176
104 27 6 31112306
105 38 6 4064674
111 27 6 37041805
112 38 6 4064674
117 35 6 35571182
119 39 6 4064674
124 38 6 30491772
126 40 6 4064674
126 43 6 4888674
132 41 6 4064674
135 37 6 30552178
137 39 6 35571186
139 45 6 4888674
142 40 6 35251675
144 37 6 4065719
167 34 6 4892868
176 44 6 42771172
177 39 6 4037664
184 35 6 35291395
186 42 6 4064697
187 44 6 4064697
190 46 6 42771163
194 46 6 4064674
195 36 6 4888804
197 44 6 36661676
198 33 6 4545193
200 40 6 25402268
201 42 6 4064674
204 43 6 36661755
205 33 6 4545193
205 41 6 29142251
207 36 6 35561182
208 38 6 4064674
210 42 6 4888663
212 34 6 4545193
214 36 6 30481656
218 35 6 4747689
218 38 6 4034682
219 33 6 4545193
220 38 6 39791088
221 35 6 4064674
222 37 6 4069667
224 34 6 4034663
226 33 6 4545193
228 34 6 30481787
230 34 6 4888663
233 31 6 4545193
235 34 6 35561181
239 32 6 4541197
242 33 6 4050688
244 31 6 42491206
245 27 6 35391369
247 30 6 5368243
249 31 6 4009729
252 31 6 4468270
256 30 6 3977805
260 26 6 5272333
260 32 6 34501718
263 28 6 3924864
266 30 6 4371367
267 32 6 4606799
268 30 6 38251313
270 27 6 33441409
271 31 6 4400889
273 29 6 4296442
274 27 6 5136445
274 31 6 39271381
279 23 6 45971087
280 31 6 4278460
284 25 6 3799944
286 23 6 39861555
287 31 6 4278460
288 32 6 39131380
293 24 6 39861440
294 33 6 4278460
299 24 6 4597968
1 34 7 4228410
3 26 7 3780858
5 30 7 28981344
9 34 7 4228410
10 24 7 3780858
13 32 7 3312867
17 27 7 3780885
17 34 7 4228410
25 37 7 4228410
32 30 7 3780858
33 38 7 4228410
37 38 7 3312848
39 31 7 3780858
41 38 7 4228410
44 38 7 3312789
46 28 7 3780858
48 35 7 4228410
51 35 7 28981282
53 27 7 3780858
55 35 7 4228410
60 24 7 3780858
62 34 7 4228410
64 32 7 28981293
65 35 7 29031293
67 20 7 3780858
69 36 7 4228410
71 35 7 28981293
74 20 7 3780858
76 37 7 4228410
81 25 7 3780858
83 38 7 4221417
85 38 7 24631825
88 25 7 3747891
88 36 7 28721416
90 37 7 4148490
92 38 7 23721916
96 25 7 3639999
97 38 7 4050588
103 26 7 35351103
105 40 7 4029609
110 25 7 35011137
112 43 7 4029609
117 25 7 35011137
120 44 7 4029609
124 20 7 33271137
125 24 7 35011137
128 46 7 4029609
133 24 7 35011137
135 46 7 4029609
140 29 7 35011137
142 45 7 4029609
146 45 7 3538654
172 49 7 3540583
186 49 7 27121468
188 47 7 31241056
189 42 7 35001157
192 49 7 4029609
197 42 7 35001163
200 49 7 4029609
205 34 7 4445193
208 47 7 4029609
213 35 7 4445193
213 41 7 35001138
215 43 7 4029609
220 37 7 4445193
222 41 7 4029609
227 30 7 4590193
227 36 7 4445193
229 38 7 4029609
234 33 7 4445193
236 35 7 4029609
239 34 7 3537641
241 32 7 4434204
243 33 7 4013625
248 33 7 4401237
253 33 7 30701151
255 28 7 3919292
255 32 7 4379259
263 33 7 4345293
265 30 7 3888750
271 32 7 4263375
272 29 7 3814824
278 31 7 4228410
279 27 7 3781857
282 30 7 3314835
286 32 7 4228410
290 31 7 3312824
294 34 7 4228410
295 28 7 33321245
