0 32 6 3513440
0 42 2 1323981
0 48 2 1336521
1 7 5 5696818
1 34 7 3395060
1 36 3 1150411
1 43 1 1287139
1 57 2 1322168
2 27 5 5696818
2 31 6 3906347
2 37 2 3383854
3 26 7 3395060
3 40 1 1342450
4 5 5 5696030
4 42 1 1326918
5 26 4 970561
5 30 7 3267995
5 38 1 1326918
5 46 2 1202999
6 7 5 5664245
6 10 5 5809598
6 34 3 1150411
7 26 5 5696818
7 32 6 3513440
7 35 2 3383854
8 41 1 1388471
9 34 7 3395060
10 5 5 5696030
10 19 5 5496486
10 24 7 3395060
10 32 3 1150411
11 7 5 5664245
11 32 2 1426267
11 40 1 1372939
11 43 1 1333160
12 7 5 5664245
12 28 6 3520574
12 34 1 1342450
13 32 7 3234685
14 5 5 5696818
14 6 5 5696030
14 31 6 3513440
14 34 2 1276942
15 28 5 5638859
15 29 3 1140881
16 6 5 5696818
16 23 4 970561
17 27 7 3413786
17 34 7 3395060
17 39 2 1323981
17 41 1 1326918
17 43 2 1426004
18 30 2 3390736
19 9 5 5697765
19 27 4 2283932
19 31 6 3539137
19 43 1 1342450
20 5 5 5696818
20 32 2 3383854
21 29 3 1150411
21 31 6 3513440
21 39 1 1342450
22 19 4 970561
22 45 1 1342450
23 7 5 5649864
24 33 2 3383854
25 25 5 5696818
25 32 2 3363573
25 37 7 3395060
26 4 5 5696818
26 31 6 3520574
26 47 1 1326918
27 6 5 5649864
27 23 6 3917102
27 43 1 1342450
28 5 5 5659602
28 10 5 5682572
28 17 4 970561
28 24 3 1118755
28 26 3 1150411
28 31 6 3513440
28 33 2 3383854
29 30 2 3520438
29 35 6 3955054
29 49 1 1326918
30 45 1 1342450
31 3 4 2471805
31 22 5 5696818
32 5 5 5696818
32 30 7 3395060
32 34 2 3383854
32 49 1 1342450
33 7 5 5642796
33 24 3 1150411
33 31 2 3363573
33 38 7 3395060
33 46 1 1342450
34 18 4 970561
34 34 6 3532798
34 44 1 1388471
35 7 5 5659558
35 31 6 3513440
36 34 2 3383854
36 35 6 3963161
36 52 1 1326918
37 21 5 5696818
37 33 6 3848475
37 38 7 3237562
37 47 1 1388471
38 5 5 5696818
38 23 3 1150411
38 52 1 1342450
39 31 7 3395060
40 21 4 970561
40 47 1 1388471
41 32 2 3421083
41 38 7 3395060
41 52 1 1342450
42 30 6 3513440
42 51 1 1342450
43 24 3 1150411
43 47 1 1388471
44 9 5 5658045
44 21 5 5696818
44 38 7 3194932
45 14 5 5658045
45 24 2 4035681
45 24 5 5638859
45 32 2 3421083
45 54 1 1326918
46 9 5 5686631
46 23 5 5615845
46 25 4 970561
46 28 7 3395060
46 50 1 1342450
47 2 4 3401835
47 10 4 2397231
47 50 1 1342450
48 30 2 3383854
48 35 7 3395060
49 15 5 5746809
49 25 3 1150411
49 30 6 3513440
49 31 2 3421083
50 5 5 5696818
50 8 5 5696818
50 22 5 5696818
50 24 2 4045486
51 16 5 5648706
51 27 4 970561
51 29 2 3383854
51 35 7 3248334
51 47 1 1342450
51 56 1 1264046
52 49 1 1388471
53 26 3 1150411
53 27 7 3395060
53 31 2 3421083
54 13 5 5772940
54 29 6 3520574
54 47 1 1342450
55 22 6 4022446
55 23 6 4020559
55 29 2 3383854
55 35 7 3395060
56 18 5 5637980
56 28 4 970561
56 30 6 3513440
56 50 1 1342450
57 10 5 5878445
57 27 3 1150411
57 33 2 3421083
57 47 1 1342450
57 53 1 1280602
58 20 5 5674626
58 30 6 3930661
60 24 7 3395060
60 47 1 1342450
60 55 1 1282347
61 17 5 5664741
61 28 6 3526758
62 20 5 5590786
62 28 4 970561
62 34 7 3395060
62 35 2 3376598
63 11 5 5869323
63 22 5 5638859
63 29 2 3383854
63 30 6 3513440
63 46 1 1342450
63 52 1 1342450
64 15 5 5820333
64 28 3 1118755
64 32 7 3245125
64 55 1 1282936
65 35 7 3250413
66 16 5 6020321
66 35 2 3347538
66 46 1 1342450
67 16 5 5867680
67 20 7 3395060
67 48 1 1305115
68 12 5 5820333
68 19 5 5548901
68 20 5 5548901
68 28 4 970561
68 29 2 3363573
68 33 2 3360469
69 36 7 3395060
69 38 2 3421083
69 49 1 1688968
70 19 5 5713578
70 22 5 5706317
70 31 6 3513440
70 36 2 3347538
71 35 7 3245125
71 47 1 1305115
72 17 5 5758681
72 28 2 3363573
72 49 1 1641636
73 27 3 1150787
73 41 2 3311701
74 19 5 5555371
74 20 7 3395060
74 21 5 5543255
74 24 6 3765820
74 28 4 970561
74 47 1 1342450
76 17 5 5741442
76 30 2 3363649
76 37 7 3395060
77 33 6 3513440
77 47 1 1342450
78 16 5 5896104
78 25 3 1253198
79 17 5 5861218
79 20 5 5696818
79 28 6 3899279
79 31 2 3383854
80 24 5 5543980
80 27 4 970561
80 29 2 3363573
80 48 1 1342450
81 15 5 5753028
81 21 5 5680056
81 25 7 3395060
81 46 1 1630151
81 49 1 1641561
82 23 3 1253198
82 29 6 3523883
83 23 6 3905249
83 38 7 3395060
83 49 1 1342450
84 15 5 5841944
84 30 2 3363649
84 35 6 3513440
84 47 1 1630151
84 50 1 1619833
85 18 5 5696818
85 26 4 970561
85 38 7 3301094
86 14 5 5696818
86 29 6 3840187
86 50 1 1342450
87 11 5 5744767
87 23 3 1150829
87 49 1 1388723
87 51 1 1710351
88 25 7 3395060
88 31 2 3366007
88 36 7 3301094
88 43 1 868500
89 30 6 3510197
90 15 5 6127117
90 25 4 970561
90 25 6 4007435
90 37 7 3395060
90 50 1 1380975
91 18 5 5696818
91 21 3 1150411
91 37 6 3513440
91 41 1 868500
91 46 1 1515656
92 23 5 5543980
92 30 2 3361606
92 38 7 3301094
92 53 1 1305176
93 15 5 5842617
93 21 5 5653484
94 17 5 5761567
94 23 5 5484250
95 21 5 5560634
95 25 6 3847422
96 19 3 982311
96 25 4 970561
96 25 7 3395060
96 28 2 3347019
96 32 6 3517212
96 48 1 1342450
97 17 5 5804369
97 38 7 3395060
97 50 1 1312154
98 20 5 5607363
98 38 6 3513440
99 14 5 5696818
100 24 5 5542944
100 28 2 3379177
100 46 1 1342450
101 19 5 5570325
102 21 3 936699
102 24 4 970561
103 16 5 5621170
103 26 7 3395060
103 33 6 3513440
103 45 1 1342450
104 26 2 3376431
104 27 6 3904300
105 18 3 1150411
105 20 5 5600036
105 32 2 3235754
105 38 6 3513440
105 40 7 3395060
106 20 5 5633120
107 44 1 1333437
108 23 4 970561
108 27 2 3235754
110 18 5 5606202
110 25 7 3395060
110 42 1 1339010
111 18 3 967066
111 20 5 5608367
111 27 6 3956938
112 14 5 5712561
112 20 5 5608367
112 25 2 3371398
112 38 1 1339564
112 38 6 3513440
112 43 7 3395060
114 22 4 970561
115 16 5 5709071
115 17 5 5696818
115 22 2 3383854
116 18 3 971127
117 25 7 3395060
117 35 6 3514072
118 13 5 5709071
119 21 2 3383854
119 36 1 1341029
119 39 6 3513440
120 21 4 970561
120 23 2 3355140
120 44 7 3395060
121 16 3 977272
121 34 1 1341029
122 14 5 5672523
122 25 2 3196967
123 16 5 5690225
123 19 2 3383854
123 21 5 5581371
123 32 1 1341029
124 20 7 3422237
124 22 2 3356648
124 38 6 3554096
125 24 7 3395060
125 34 1 1341029
126 17 2 3383854
126 20 4 970561
126 40 6 3513440
126 43 6 3974824
127 13 5 5663204
128 15 5 5651385
128 31 1 1341029
128 46 7 3395060
129 21 5 5622959
130 11 5 5757603
130 16 2 3383854
130 18 5 5591319
130 32 1 1341029
131 20 4 970561
132 10 3 1150411
132 41 6 3513440
133 7 5 5786547
133 12 3 1154059
133 13 5 5696818
133 24 7 3395060
134 16 2 3383854
134 33 1 1341029
135 10 5 5725244
135 37 6 3809353
135 46 7 3395060
137 20 4 1213951
137 31 1 1341029
137 39 6 3517200
138 10 5 5772201
138 18 2 3383854
139 45 6 3974824
140 13 5 5705894
140 29 7 3395060
140 30 1 1342935
141 15 5 5669833
141 19 5 5622959
142 12 3 1150411
142 19 2 3383854
142 21 5 5572781
142 40 6 3763288
142 45 7 3395060
143 16 5 5590638
144 18 5 5546148
144 30 1 1342935
144 37 6 3527366
146 16 5 5622959
146 23 4 1178341
146 45 7 3260555
147 15 3 1150411
147 19 4 971506
147 22 2 3375145
147 28 5 5533411
147 29 1 1342935
149 11 5 5683614
149 17 5 5619064
151 17 3 1150411
151 34 1 1340806
152 18 5 5616148
152 19 4 971506
153 14 5 5715050
154 17 5 5670670
154 22 2 3299841
154 36 1 1340806
156 13 5 5757726
156 18 3 1154059
156 19 2 3391596
156 19 5 5562886
157 16 5 5696818
157 19 4 971506
157 37 1 1340806
158 22 4 1192151
160 17 3 1154059
160 38 0 309688
162 16 4 971506
162 17 5 5690230
162 21 2 3410646
163 38 0 309688
163 39 1 1372956
164 15 3 1154059
164 25 5 5704073
164 38 0 605429
164 38 1 1379467
164 39 0 310753
165 31 5 5477695
165 38 1 1378244
165 40 0 312017
166 22 2 3410646
166 37 0 309688
166 40 0 311500
167 15 4 971506
167 24 2 3383854
167 34 6 4085378
167 41 0 311033
168 35 0 309688
168 41 0 311898
169 14 3 1150411
169 14 5 5696818
169 39 0 310057
169 41 0 309453
170 29 0 309688
170 32 0 309688
171 20 2 3699628
171 25 2 3391581
171 29 1 1342935
171 37 0 302941
172 41 0 298551
172 49 7 3203725
173 13 4 971506
173 15 4 1189049
173 31 1 1342935
173 43 0 297215
174 13 3 1154896
174 21 2 3699628
175 13 5 5696818
175 26 2 3391581
175 30 2 3383854
175 34 1 1342935
176 15 5 5617779
176 39 0 292087
176 44 6 3891688
176 45 1 1333571
177 16 5 5573613
177 39 6 3489150
177 45 0 174564
177 48 0 174564
178 11 4 971506
178 37 1 1342935
179 9 5 5673713
179 12 3 1146723
179 28 2 3391581
179 29 3 1150411
179 32 2 3383854
179 46 1 1333571
180 16 5 5623985
180 32 2 2930571
180 43 2 1681345
181 12 5 5696818
181 34 1 1327767
181 37 0 167320
181 41 2 1768610
181 48 1 1341307
182 39 1 1342935
182 41 0 168614
183 9 4 971506
183 12 3 1150411
183 18 5 5550289
183 30 2 3383854
183 33 3 1140411
183 34 2 3383854
183 44 0 168614
183 51 0 174564
184 11 4 1169069
184 31 3 1150411
184 35 6 3657904
184 47 0 168614
185 15 5 5659517
185 31 4 971506
185 41 1 1342935
185 43 2 1188333
185 44 0 168614
185 47 1 1331784
185 50 0 168614
186 8 4 2185067
186 42 6 3508300
186 49 7 3254217
186 53 0 181680
187 12 5 5696818
187 31 2 3383854
187 36 2 3383854
187 44 6 3508300
187 52 0 168614
188 12 5 5604592
188 15 5 5658950
188 32 2 3308733
188 47 7 3254217
188 49 0 168614
189 11 4 1193802
189 12 3 1118419
189 15 5 5675149
189 41 1 1342935
189 42 1 1342935
189 42 2 1188333
189 42 7 3406223
189 51 0 168614
189 53 0 181680
190 12 5 5504527
190 17 5 5579028
190 33 4 971506
190 44 0 168614
190 46 6 3900537
190 51 1 1341307
191 10 4 2171036
191 32 2 3383854
191 33 5 5696818
191 36 2 3383854
191 49 1 1324048
192 33 2 3383854
192 43 1 1342935
192 43 2 1188333
192 46 0 168614
192 49 7 3395060
192 54 0 185466
193 12 3 1150411
193 34 2 3233612
193 43 0 168614
193 45 2 1225214
194 10 4 1185606
194 33 3 1150411
194 46 6 3513440
194 51 1 1342935
194 53 0 185466
195 36 6 4031324
195 45 0 168614
196 13 4 2263008
196 16 5 5632396
196 32 2 3383854
196 33 4 2371785
196 34 2 1263874
196 42 1 1333365
196 52 0 185466
196 56 0 185466
197 32 5 5696818
197 34 2 3233612
197 41 2 1239896
197 42 7 3416014
197 44 6 3846624
198 13 3 1150411
198 33 6 3513440
198 54 0 185466
199 13 4 1186102
199 32 3 1150411
199 33 2 3383854
200 36 2 1263874
200 40 6 3549842
200 41 1 1323842
200 49 7 3395060
201 15 4 2279075
201 29 5 5530413
201 32 4 2371785
201 42 6 3513440
203 13 3 1150411
203 34 2 3383854
203 39 1 1323842
204 10 4 971506
204 13 5 2349220
204 32 3 1150411
204 33 2 3383854
204 36 2 1263874
204 39 2 1243962
204 43 6 3892120
204 55 1 1330021
205 12 4 1225234
205 32 2 3233612
205 33 6 3513440
205 34 7 3395060
205 41 1 1333365
205 41 6 3760588
206 31 4 2371785
206 55 1 1330021
207 17 5 5681455
207 36 6 3513440
207 38 1 1342935
207 42 1 1342935
208 12 3 1150411
208 33 2 3383854
208 35 2 1263874
208 38 6 3513440
208 39 2 2047673
208 47 7 3395060
209 12 3 2199908
209 13 3 1150411
209 17 5 2499861
209 32 2 3233612
209 33 3 1150411
210 11 4 971506
210 20 5 5751127
210 31 5 5736236
210 42 6 3948620
210 55 1 1330021
211 29 4 2371785
211 36 2 3383854
211 39 1 1342935
212 12 3 1150411
212 19 5 5682142
212 32 2 3506119
212 34 6 3513440
212 41 2 2047673
213 20 5 5758149
213 35 7 3395060
213 41 7 3395060
214 14 3 1126714
214 32 3 1150411
214 36 6 3498199
215 14 5 2995784
215 27 4 971506
215 33 2 3383854
215 38 2 3383854
215 42 1 1333365
215 43 7 3395060
216 12 4 971506
216 30 4 900715
216 36 2 3308733
217 34 2 3355877
217 39 2 1335293
218 12 3 1126714
218 35 6 3899792
218 38 6 3489354
219 20 5 5680828
219 33 3 1150411
219 33 6 3513440
219 34 2 3383854
219 39 2 3383854
220 36 2 3383854
220 37 7 3395060
220 38 6 3673966
220 41 1 1342935
221 12 4 971506
221 25 4 1551825
221 28 5 5696818
221 35 6 3513440
222 8 4 979244
222 14 5 5735127
222 37 6 3511850
222 41 7 3395060
223 41 2 3383854
223 43 1 1342935
223 64 1 1333412
224 34 2 3547418
224 34 6 3480937
224 37 2 3308733
224 39 2 3383854
224 54 1 1333365
225 19 5 5696818
225 31 3 1176174
225 36 2 3233612
226 26 4 976986
226 33 6 3513440
227 14 5 3057147
227 28 5 5696818
227 30 7 3462382
227 36 7 3395060
227 38 2 3308733
227 43 2 3383854
227 45 1 1342935
228 7 4 975899
228 24 5 5632122
228 34 6 3548669
229 13 4 3251602
229 27 5 5612126
229 38 7 3395060
229 53 1 1341307
230 34 3 1180179
230 34 6 3948620
230 51 1 1333412
231 12 5 5634093
231 22 4 1071226
232 36 3 1306935
232 42 2 1263874
232 44 1 1342935
232 53 1 1341307
233 14 4 1534200
233 29 5 5696818
233 31 6 3513440
233 44 2 1221148
234 27 5 5632122
234 33 7 3395060
235 21 5 5644188
235 34 6 3505798
235 35 3 1157623
235 40 2 3383854
235 42 2 3383854
235 45 1 1342935
236 35 7 3395060
236 43 2 1263874
236 53 1 1333412
237 13 3 1195518
237 25 4 971506
237 26 5 5645457
237 30 4 955906
237 45 2 1217746
238 11 4 1141822
238 13 5 5634093
238 16 5 5634093
238 46 1 1342935
239 14 4 1500261
239 32 6 3513440
239 34 7 3249216
239 41 2 3383854
240 12 5 5633983
240 13 5 5634277
240 20 5 5771020
240 30 5 5696818
240 36 3 1180179
240 44 2 1263874
241 6 4 971506
241 12 3 1195518
241 26 5 5634579
241 32 7 3395060
241 46 2 1167224
241 47 1 1342935
242 33 6 3513440
242 39 3 1622788
243 4 4 979244
243 27 4 971506
243 29 5 5668752
243 33 7 3395060
243 38 3 1150411
243 43 2 3383854
243 51 3 1050094
244 12 5 5634093
244 31 6 3902582
245 15 5 5672828
245 27 6 3640953
245 35 3 1192410
245 47 2 1167224
245 54 1 1333412
246 12 4 2098705
246 13 5 5674323
247 30 6 4007014
247 32 5 5696818
247 49 1 1342935
248 5 4 976427
248 10 5 5715412
248 14 5 5696818
248 33 7 3395060
248 46 2 1263874
248 49 2 1243962
249 27 4 971506
249 27 5 5668752
249 31 6 3513440
249 48 2 1345645
250 22 5 5687413
250 36 3 1182464
250 51 1 1333365
251 11 4 3196757
251 12 5 5635562
251 13 4 2184574
251 54 1 1341537
252 31 6 3513440
252 46 2 1265279
252 50 2 1180075
253 3 4 971506
253 15 5 5745510
253 33 7 3280278
254 9 5 5768748
254 31 5 5696818
254 53 1 1323842
255 11 5 5635562
255 13 4 2192153
255 26 4 971506
255 28 7 3274809
255 32 7 3395060
255 47 2 3383854
256 15 4 3284835
256 30 6 3525404
256 44 2 3603902
256 45 2 3543976
256 53 1 1333365
257 9 5 5705838
257 51 2 1237738
258 47 2 3383854
259 7 3 1150411
259 8 5 5680000
259 53 1 1333365
260 10 5 5696818
260 26 6 4001946
260 30 5 5696818
260 32 6 3771671
260 45 2 3543976
261 25 4 971506
261 51 2 1252635
262 7 5 5705838
262 53 1 1333365
263 5 3 1150411
263 28 6 3533265
263 33 7 3395060
264 8 5 5695869
264 13 5 5683474
264 35 3 1160079
264 46 2 3508431
265 8 5 5696818
265 30 7 3395060
265 49 2 1974248
265 52 1 1360038
266 30 6 3513440
266 31 5 5696818
266 53 1 1357878
267 2 3 1127717
267 4 3 1150411
267 24 4 971506
267 29 5 5710771
267 32 6 3875907
268 30 6 3746812
269 9 5 5672098
269 12 5 5672098
270 13 5 5689613
270 27 6 3536502
270 33 3 1157463
270 45 2 3563014
271 31 6 3828189
271 32 7 3395060
271 49 1 1358490
272 19 4 1494732
272 29 7 3395060
272 46 1 1342935
272 50 1 1375814
273 2 3 1134175
273 11 5 5643627
273 24 4 971506
273 29 6 3513440
273 49 1 1323242
274 27 6 3980871
274 31 6 3839186
274 41 2 3383854
275 6 5 1778299
275 43 1 1342935
275 47 1 1331363
277 1 3 1150411
277 34 3 1150411
277 40 1 1342935
277 43 1 1323090
277 49 2 1368435
278 31 7 3395060
278 39 2 3383854
278 44 1 1309656
278 48 1 1312151
279 6 5 5675703
279 23 6 4019250
279 25 4 971506
279 27 7 3395060
279 28 5 5584494
279 40 1 1330373
280 6 5 5693914
280 10 5 5667132
280 31 6 3513440
280 38 1 1342935
281 39 1 1328097
282 0 3 1150411
282 7 5 5693914
282 30 7 3228364
282 39 1 1328097
283 5 5 5696818
283 36 3 1141813
283 39 2 3509411
283 40 1 1342705
284 25 6 3513405
284 26 4 971506
284 37 1 1328097
284 41 1 1347081
285 31 5 5584254
286 5 5 5698364
286 23 6 3949011
286 32 7 3395060
286 37 1 1332123
286 39 1 1363149
287 31 6 3513440
287 36 3 1150411
287 38 2 3513874
288 8 5 5664797
288 32 6 3830752
289 9 5 5639991
289 38 1 1324197
290 28 4 2395160
290 30 5 5696818
290 31 7 3216215
290 40 2 3383854
292 5 5 5696818
292 37 3 1150411
292 39 1 1388479
292 47 1 1544525
293 8 5 5653826
293 24 6 3892854
293 42 1 1368623
293 49 1 1589497
294 33 6 3513440
294 34 7 3395060
294 39 1 1345354
295 6 5 5696818
295 7 5 5685012
295 25 4 2395306
295 28 7 3350785
295 39 2 3383543
296 9 5 5687393
296 37 3 1150411
296 41 1 1345883
297 40 1 1342213
298 39 2 3383854
299 8 5 5658693
299 24 6 3952717
299 26 4 971506
299 40 2 3382510
299 41 1 1321316
299 42 1 1342935
